PhN 1051
   1.00000	   0.00000
   0.99649	   0.00048
   0.99030	   0.00143
   0.98312	   0.00263
   0.97525	   0.00402
   0.96702	   0.00549
   0.95867	   0.00691
   0.95023	   0.00830
   0.94172	   0.00965
   0.93314	   0.01099
   0.92453	   0.01231
   0.91589	   0.01362
   0.90723	   0.01492
   0.89854	   0.01621
   0.88983	   0.01751
   0.88113	   0.01880
   0.87243	   0.02009
   0.86373	   0.02138
   0.85502	   0.02266
   0.84632	   0.02395
   0.83762	   0.02523
   0.82892	   0.02650
   0.82023	   0.02777
   0.81153	   0.02903
   0.80282	   0.03029
   0.79412	   0.03155
   0.78542	   0.03280
   0.77673	   0.03404
   0.76805	   0.03528
   0.75936	   0.03651
   0.75068	   0.03772
   0.74199	   0.03894
   0.73330	   0.04014
   0.72461	   0.04133
   0.71593	   0.04252
   0.70725	   0.04369
   0.69858	   0.04485
   0.68990	   0.04599
   0.68123	   0.04713
   0.67257	   0.04824
   0.66391	   0.04934
   0.65525	   0.05043
   0.64659	   0.05149
   0.63793	   0.05253
   0.62926	   0.05356
   0.62061	   0.05457
   0.61195	   0.05556
   0.60330	   0.05653
   0.59465	   0.05748
   0.58600	   0.05840
   0.57735	   0.05930
   0.56869	   0.06018
   0.56005	   0.06103
   0.55140	   0.06185
   0.54276	   0.06265
   0.53411	   0.06343
   0.52546	   0.06417
   0.51680	   0.06490
   0.50814	   0.06559
   0.49951	   0.06626
   0.49088	   0.06690
   0.48228	   0.06750
   0.47368	   0.06806
   0.46508	   0.06857
   0.45646	   0.06905
   0.44784	   0.06949
   0.43920	   0.06991
   0.43057	   0.07028
   0.42194	   0.07063
   0.41332	   0.07093
   0.40470	   0.07120
   0.39607	   0.07143
   0.38745	   0.07162
   0.37884	   0.07178
   0.37023	   0.07189
   0.36162	   0.07197
   0.35302	   0.07200
   0.34442	   0.07199
   0.33583	   0.07194
   0.32724	   0.07184
   0.31865	   0.07169
   0.31007	   0.07151
   0.30149	   0.07127
   0.29292	   0.07099
   0.28436	   0.07066
   0.27580	   0.07029
   0.26725	   0.06986
   0.25870	   0.06938
   0.25017	   0.06886
   0.24163	   0.06828
   0.23310	   0.06765
   0.22457	   0.06697
   0.21606	   0.06624
   0.20758	   0.06546
   0.19911	   0.06462
   0.19067	   0.06371
   0.18225	   0.06275
   0.17385	   0.06172
   0.16549	   0.06063
   0.15716	   0.05946
   0.14887	   0.05821
   0.14062	   0.05689
   0.13241	   0.05548
   0.12425	   0.05397
   0.11613	   0.05238
   0.10807	   0.05069
   0.10009	   0.04890
   0.09219	   0.04700
   0.08437	   0.04499
   0.07666	   0.04286
   0.06907	   0.04061
   0.06164	   0.03822
   0.05436	   0.03569
   0.04728	   0.03302
   0.04048	   0.03024
   0.03404	   0.02736
   0.02806	   0.02442
   0.02269	   0.02154
   0.01810	   0.01884
   0.01431	   0.01636
   0.01125	   0.01411
   0.00878	   0.01209
   0.00680	   0.01029
   0.00519	   0.00868
   0.00389	   0.00722
   0.00282	   0.00589
   0.00195	   0.00468
   0.00123	   0.00355
   0.00068	   0.00249
   0.00028	   0.00147
   0.00005	   0.00050
  -0.00000	  -0.00043
   0.00013	  -0.00138
   0.00045	  -0.00234
   0.00097	  -0.00329
   0.00169	  -0.00425
   0.00258	  -0.00521
   0.00367	  -0.00618
   0.00497	  -0.00718
   0.00654	  -0.00821
   0.00843	  -0.00928
   0.01072	  -0.01040
   0.01355	  -0.01159
   0.01706	  -0.01287
   0.02142	  -0.01428
   0.02671	  -0.01581
   0.03281	  -0.01738
   0.03955	  -0.01887
   0.04681	  -0.02025
   0.05446	  -0.02152
   0.06237	  -0.02270
   0.07044	  -0.02377
   0.07862	  -0.02474
   0.08689	  -0.02563
   0.09523	  -0.02643
   0.10363	  -0.02716
   0.11208	  -0.02783
   0.12058	  -0.02843
   0.12910	  -0.02899
   0.13766	  -0.02950
   0.14624	  -0.02996
   0.15483	  -0.03038
   0.16344	  -0.03077
   0.17207	  -0.03111
   0.18072	  -0.03142
   0.18937	  -0.03171
   0.19804	  -0.03196
   0.20672	  -0.03219
   0.21541	  -0.03239
   0.22411	  -0.03257
   0.23282	  -0.03272
   0.24153	  -0.03286
   0.25025	  -0.03298
   0.25897	  -0.03308
   0.26769	  -0.03316
   0.27642	  -0.03322
   0.28515	  -0.03327
   0.29389	  -0.03330
   0.30263	  -0.03331
   0.31138	  -0.033311
   0.32013	  -0.03330
   0.32888	  -0.03328
   0.33763	  -0.03324
   0.34638	  -0.03319
   0.35514	  -0.03313
   0.36390	  -0.03306
   0.37266	  -0.03298
   0.38142	  -0.03289
   0.39018	  -0.03278
   0.39894	  -0.03267
   0.40771	  -0.03255
   0.41647	  -0.03241
   0.42524	  -0.03227
   0.43400	  -0.03212
   0.44277	  -0.03196
   0.45153	  -0.03179
   0.46030	  -0.03161
   0.46907	  -0.03142
   0.47783	  -0.03122
   0.48659	  -0.03102
   0.49535	  -0.03080
   0.50411	  -0.03057
   0.51287	  -0.03033
   0.52163	  -0.03009
   0.53039	  -0.02983
   0.53916	  -0.02956
   0.54792	  -0.02928
   0.55668	  -0.02900
   0.56544	  -0.02871
   0.57419	  -0.02840
   0.58295	  -0.02808
   0.59170	  -0.02776
   0.60045	  -0.02742
   0.60920	  -0.02707
   0.61795	  -0.02671
   0.62669	  -0.02634
   0.63542	  -0.02595
   0.64415	  -0.02555
   0.65288	  -0.02513
   0.66161	  -0.02470
   0.67034	  -0.02426
   0.67907	  -0.02380
   0.68779	  -0.02332
   0.69651	  -0.02283
   0.70523	  -0.02233
   0.71395	  -0.02180
   0.72268	  -0.02126
   0.73140	  -0.02071
   0.74014	  -0.02015
   0.74887	  -0.01957
   0.75760	  -0.01898
   0.76633	  -0.01837
   0.77507	  -0.01776
   0.78381	  -0.01713
   0.79255	  -0.01649
   0.80130	  -0.01585
   0.81005	  -0.01519
   0.81881	  -0.01453
   0.82757	  -0.01386
   0.83633	  -0.01319
   0.84511	  -0.01251
   0.85388	  -0.01183
   0.86266	  -0.01116
   0.87143	  -0.01048
   0.88020	  -0.00981
   0.88897	  -0.00912
   0.89774	  -0.00844
   0.90649	  -0.00776
   0.91524	  -0.00709
   0.92396	  -0.00642
   0.93261	  -0.00575
   0.94115	  -0.00506
   0.94961	  -0.00430
   0.95808	  -0.00347
   0.96652	  -0.00263
   0.97478	  -0.00186
   0.98274	  -0.00120
   0.99009	  -0.00064
   0.99645	  -0.00022
   1.00000	   0.00000

"Filippo" <pathfinder_ita@yahoo.it> Naturalmente il PhN Š validissimo per il volo acro: t=10,51%;f=1,97% .
D'apres liste xfoil@yahoogroups.com
