Eiffel 13 (Bleriot 11) mod2018
1.000000  0.005500
0.994674  0.006622
0.989348  0.007744
0.984018  0.008849
0.978685  0.009937
0.973351  0.011023
0.968012  0.012083
0.962673  0.013142
0.957330  0.014183
0.951986  0.015214
0.946640  0.016238
0.941291  0.017247
0.935942  0.018255
0.930590  0.019245
0.925237  0.020234
0.919883  0.021214
0.914528  0.022187
0.909171  0.023156
0.903814  0.024117
0.898456  0.025079
0.893100  0.026049
0.887745  0.027020
0.882387  0.027982
0.877030  0.028943
0.871671  0.029901
0.866313  0.030858
0.860954  0.031811
0.855595  0.032763
0.850235  0.033712
0.844875  0.034658
0.839515  0.035604
0.834154  0.036550
0.828793  0.037491
0.823431  0.038425
0.818069  0.039360
0.812707  0.040297
0.807345  0.041232
0.801982  0.042163
0.796619  0.043096
0.791257  0.044034
0.785896  0.044971
0.780533  0.045905
0.775170  0.046836
0.769807  0.047764
0.764443  0.048689
0.759079  0.049613
0.753714  0.050534
0.748349  0.051454
0.742983  0.052362
0.737615  0.053269
0.732248  0.054175
0.726881  0.055077
0.721511  0.055968
0.716141  0.056857
0.710770  0.057743
0.705398  0.058620
0.700026  0.059494
0.694651  0.060351
0.689275  0.061204
0.683898  0.062049
0.678520  0.062888
0.673141  0.063724
0.667760  0.064544
0.662379  0.065363
0.656997  0.066180
0.651613  0.066979
0.646229  0.067776
0.640844  0.068570
0.635458  0.069353
0.630070  0.070130
0.624681  0.070894
0.619291  0.071650
0.613900  0.072401
0.608507  0.073145
0.603114  0.073880
0.597720  0.074606
0.592323  0.075313
0.586925  0.076011
0.581526  0.076704
0.576126  0.077393
0.570725  0.078064
0.565323  0.078731
0.559920  0.079391
0.554515  0.080034
0.549109  0.080670
0.543702  0.081299
0.538294  0.081917
0.532885  0.082523
0.527475  0.083122
0.522064  0.083711
0.516651  0.084287
0.511238  0.084852
0.505823  0.085408
0.500408  0.085956
0.494991  0.086492
0.489573  0.087016
0.484154  0.087531
0.478734  0.088031
0.473313  0.088518
0.467891  0.088996
0.462468  0.089465
0.457044  0.089923
0.451620  0.090370
0.446194  0.090806
0.440767  0.091228
0.435339  0.091632
0.429911  0.092031
0.424481  0.092417
0.419051  0.092789
0.413620  0.093155
0.408188  0.093499
0.402755  0.093834
0.397321  0.094147
0.391886  0.094442
0.386450  0.094728
0.381014  0.094999
0.375577  0.095260
0.370139  0.095504
0.364701  0.095728
0.359262  0.095952
0.353823  0.096155
0.348383  0.096343
0.342943  0.096524
0.337503  0.096688
0.332062  0.096841
0.326620  0.096983
0.321179  0.097113
0.315737  0.097230
0.310295  0.097334
0.304852  0.097425
0.299410  0.097520
0.293968  0.097631
0.288526  0.097741
0.283084  0.097831
0.277641  0.097918
0.272199  0.097982
0.266756  0.098029
0.261313  0.098070
0.255870  0.098084
0.250427  0.098090
0.244984  0.098067
0.239541  0.098026
0.234098  0.097968
0.228655  0.097884
0.223213  0.097779
0.217772  0.097637
0.212331  0.097482
0.206892  0.097288
0.201453  0.097068
0.196015  0.096818
0.190580  0.096538
0.185146  0.096217
0.179714  0.095864
0.174287  0.095452
0.168863  0.095000
0.163443  0.094496
0.158028  0.093944
0.152620  0.093323
0.147221  0.092637
0.141831  0.091877
0.136451  0.091048
0.131084  0.090142
0.125733  0.089149
0.120396  0.088080
0.115081  0.086906
0.109786  0.085642
0.104520  0.084267
0.099284  0.082780
0.094089  0.081156
0.088932  0.079415
0.083819  0.077549
0.078751  0.075563
0.073736  0.073449
0.068787  0.071183
0.063899  0.068789
0.059077  0.066263
0.054332  0.063598
0.049670  0.060788
0.045106  0.057823
0.040637  0.054717
 0.036180  0.051410		   
 0.034240  0.049900		   
 0.032310  0.048340		   
 0.030390  0.046750		   
 0.028490  0.045130		   
 0.026600  0.043460		   
 0.024730  0.041750		   
 0.022870  0.039960		   
 0.021030  0.038130		   
 0.019200  0.036260		   
 0.017390  0.034340		   
 0.015590  0.032360		   
 0.013800  0.030330		   
 0.012030  0.028240		   
 0.010270  0.026070		   
 0.008530  0.023830		   
 0.006800  0.021490		   
 0.005080  0.019000		   
 0.003370  0.016310		   
 0.001680  0.013250		   
 0.000560  0.010660		   
 0.000000  0.008000		   
 0.000560  0.002680		   
 0.001680  0.000210		   
 0.001949  0.000000		   
 0.003370  -0.001110		   		   
 0.008530  -0.000650		   
 0.010079  0.000000		   
 0.010270  0.000080		   
 0.012030  0.000950		   
 0.013800  0.001920		   
 0.015590  0.002960		   
 0.017390  0.004050		   
 0.019200  0.005180		   
 0.021030  0.006320		   
 0.022870  0.007480		   
 0.024730  0.008630		   
 0.026600  0.009610		   
 0.028490  0.010540		   
 0.030390  0.011450		 
0.035341  0.013812
0.040254  0.016154
0.045145  0.018543
0.050226  0.020479
0.055358  0.022291
0.060491  0.024103
0.065624  0.025915
0.070756  0.027727
0.075889  0.029539
0.081022  0.031351
0.086154  0.033163
0.091287  0.034975
0.096420  0.036787
0.101536  0.038266
0.106887  0.039262
0.112220  0.040352
0.117538  0.041511
0.122845  0.042722
0.128147  0.043952
0.133445  0.045200
0.138744  0.046446
0.144048  0.047666
0.149362  0.048848
0.154710  0.049856
0.160071  0.050796
0.165441  0.051690
0.170816  0.052546
0.176197  0.053364
0.181584  0.054142
0.186977  0.054882
0.192375  0.055585
0.197778  0.056240
0.203190  0.056817
0.208609  0.057327
0.214033  0.057790
0.219459  0.058215
0.224889  0.058602
0.230320  0.058955
0.235754  0.059274
0.241190  0.059560
0.246627  0.059815
0.252065  0.060041
0.257504  0.060247
0.262945  0.060416
0.268386  0.060565
0.273828  0.060688
0.279270  0.060789
0.284712  0.060873
0.290155  0.060939
0.295598  0.060977
0.301041  0.061010
0.306484  0.061027
0.311927  0.061039
0.317370  0.061029
0.322813  0.061010
0.328256  0.060970
0.333699  0.060918
0.339142  0.060853
0.344584  0.060767
0.350027  0.060678
0.355469  0.060576
0.360911  0.060455
0.366352  0.060323
0.371793  0.060185
0.377235  0.060040
0.382675  0.059876
0.388116  0.059702
0.393556  0.059524
0.398996  0.059339
0.404436  0.059156
0.409876  0.058975
0.415316  0.058786
0.420755  0.058587
0.426194  0.058374
0.431633  0.058153
0.437071  0.057919
0.442509  0.057679
0.447946  0.057433
0.453383  0.057172
0.458819  0.056898
0.464255  0.056618
0.469690  0.056322
0.475125  0.056015
0.480559  0.055705
0.485993  0.055387
0.491425  0.055053
0.496858  0.054705
0.502288  0.054336
0.507718  0.053954
0.513147  0.053560
0.518574  0.053153
0.524002  0.052743
0.529429  0.052319
0.534854  0.051885
0.540280  0.051443
0.545704  0.050988
0.551127  0.050524
0.556550  0.050054
0.561972  0.049578
0.567394  0.049094
0.572814  0.048598
0.578234  0.048096
0.583653  0.047589
0.589071  0.047067
0.594489  0.046541
0.599906  0.046009
0.605321  0.045460
0.610736  0.044901
0.616149  0.044336
0.621563  0.043767
0.626975  0.043189
0.632387  0.042606
0.637798  0.042018
0.643209  0.041428
0.648620  0.040835
0.654030  0.040237
0.659440  0.039634
0.664849  0.039026
0.670257  0.038412
0.675665  0.037798
0.681074  0.037181
0.686481  0.036562
0.691889  0.035940
0.697296  0.035316
0.702703  0.034692
0.708111  0.034070
0.713518  0.033445
0.718925  0.032819
0.724331  0.032191
0.729738  0.031561
0.735144  0.030930
0.740551  0.030297
0.745957  0.029662
0.751362  0.029026
0.756768  0.028390
0.762174  0.027756
0.767580  0.027123
0.772986  0.026487
0.778392  0.025851
0.783798  0.025215
0.789204  0.024577
0.794609  0.023938
0.800015  0.023300
0.805420  0.022664
0.810826  0.022030
0.816233  0.021399
0.821639  0.020765
0.827045  0.020127
0.832451  0.019492
0.837857  0.018863
0.843264  0.018232
0.848670  0.017598
0.854076  0.016963
0.859481  0.016328
0.864887  0.015693
0.870294  0.015062
0.875700  0.014431
0.881107  0.013800
0.886513  0.013169
0.891920  0.012541
0.897327  0.011914
0.902733  0.011284
0.908140  0.010653
0.913546  0.010024
0.918953  0.009397
0.924360  0.008770
0.929767  0.008143
0.935174  0.007517
0.940581  0.006890
0.945988  0.006264
0.951395  0.005639
0.956802  0.005013
0.962209  0.004387
0.967616  0.003758
0.973022  0.003130
0.978429  0.002502
0.983836  0.001874
0.989243  0.001247
0.994650  0.000620
1.000000  0.000057
1.000000  0.005500

http://kurisawa.pro.tok2.com/aeronautics/Airfoils/OpenFiles.link/WC0/OPT/OPT0369_A.txt
Modif Echantillonnage_v14 + RFILE.EXE pour BA (03-2018)