FX 60-126 ASW15 ASW19 ASK21 ASW22
   1.00000	   0.00000
   0.99620	   0.00078
   0.98981	   0.00207
   0.98257	   0.00356
   0.97458	   0.00523
   0.96603	   0.00703
   0.95710	   0.00890
   0.94792	   0.01082
   0.93859	   0.01277
   0.92917	   0.01475
   0.91970	   0.01673
   0.91021	   0.01872
   0.90074	   0.02071
   0.89131	   0.02268
   0.88185	   0.02462
   0.87233	   0.02657
   0.86280	   0.02851
   0.85328	   0.03045
   0.84375	   0.03237
   0.83420	   0.03428
   0.82464	   0.03619
   0.81511	   0.03808
   0.80561	   0.03996
   0.79611	   0.04181
   0.78662	   0.04364
   0.77712	   0.04545
   0.76764	   0.04724
   0.75819	   0.04900
   0.74876	   0.05073
   0.73934	   0.05241
   0.72990	   0.05407
   0.72044	   0.05570
   0.71098	   0.05731
   0.70154	   0.05888
   0.69212	   0.06042
   0.68270	   0.06193
   0.67325	   0.06339
   0.66377	   0.06482
   0.65429	   0.06622
   0.64482	   0.06761
   0.63538	   0.06895
   0.62594	   0.07026
   0.61649	   0.07153
   0.60701	   0.07276
   0.59750	   0.07395
   0.58798	   0.07512
   0.57849	   0.07626
   0.56901	   0.07737
   0.55954	   0.07843
   0.55004	   0.07946
   0.54050	   0.08044
   0.53094	   0.08139
   0.52140	   0.08234
   0.51190	   0.08325
   0.50244	   0.08412
   0.49299	   0.08494
   0.48352	   0.08571
   0.47401	   0.08643
   0.46449	   0.08712
   0.45499	   0.08779
   0.44554	   0.08842
   0.43615	   0.08900
   0.42677	   0.08953
   0.41736	   0.08999
   0.40792	   0.09039
   0.39846	   0.09075
   0.38905	   0.09107
   0.37969	   0.09136
   0.37038	   0.09158
   0.36107	   0.09173
   0.35172	   0.09180
   0.34232	   0.09181
   0.33293	   0.09179
   0.32360	   0.09172
   0.31435	   0.09161
   0.30516	   0.09142
   0.29594	   0.09113
   0.28666	   0.09075
   0.27734	   0.09031
   0.26807	   0.08985
   0.25891	   0.08934
   0.24985	   0.08877
   0.24081	   0.08807
   0.23171	   0.08726
   0.22254	   0.08636
   0.21341	   0.08544
   0.20442	   0.08448
   0.19557	   0.08343
   0.18674	   0.08224
   0.17784	   0.08091
   0.16888	   0.07951
   0.16003	   0.07808
   0.15137	   0.07660
   0.14286	   0.07499
   0.13432	   0.07320
   0.12569	   0.07127
   0.11714	   0.06932
   0.10889	   0.06739
   0.10094	   0.06533
   0.09306	   0.06303
   0.08516	   0.06059
   0.07749	   0.05820
   0.07032	   0.05586
   0.06358	   0.05336
   0.05706	   0.05062
   0.05074	   0.04780
   0.04483	   0.04512
   0.03949	   0.04254
   0.03469	   0.03999
   0.03038	   0.03745
   0.02650	   0.03498
   0.02303	   0.03261
   0.01995	   0.03036
   0.01722	   0.02821
   0.01481	   0.02618
   0.01269	   0.02424
   0.01083	   0.02236
   0.00921	   0.02055
   0.00779	   0.01879
   0.00655	   0.01710
   0.00546	   0.01547
   0.00450	   0.01388
   0.00365	   0.01240
   0.00290	   0.01105
   0.00224	   0.00973
   0.00167	   0.00835
   0.00117	   0.00694
   0.00075	   0.00585
   0.00040	   0.00491
   0.00014	   0.00349
  -0.00003	   0.00193
  -0.00009	   0.00124
  -0.00005	   0.00080
   0.00014	  -0.00075
   0.00047	  -0.00201
   0.00096	  -0.00266
   0.00162	  -0.00375
   0.00245	  -0.00482
   0.00342	  -0.00566
   0.00451	  -0.00654
   0.00571	  -0.00748
   0.00703	  -0.00841
   0.00847	  -0.00936
   0.01006	  -0.01034
   0.01182	  -0.01135
   0.01376	  -0.01237
   0.01591	  -0.01345
   0.01830	  -0.01456
   0.02096	  -0.01572
   0.02393	  -0.01691
   0.02728	  -0.01810
   0.03108	  -0.01929
   0.03542	  -0.02052
   0.04033	  -0.02186
   0.04575	  -0.02333
   0.05160	  -0.02473
   0.05797	  -0.02597
   0.06497	  -0.02716
   0.07246	  -0.02844
   0.08017	  -0.02972
   0.08803	  -0.03082
   0.09621	  -0.03174
   0.10477	  -0.03263
   0.11351	  -0.03355
   0.12218	  -0.03434
   0.13088	  -0.03496
   0.13978	  -0.03546
   0.14891	  -0.03594
   0.15808	  -0.03641
   0.16715	  -0.03678
   0.17618	  -0.03702
   0.18531	  -0.03716
   0.19461	  -0.03725
   0.20396	  -0.03734
   0.21324	  -0.03737
   0.22244	  -0.03730
   0.23163	  -0.03712
   0.24093	  -0.03688
   0.25033	  -0.03661
   0.25975	  -0.03631
   0.26911	  -0.03596
   0.27840	  -0.03553
   0.28769	  -0.03503
   0.29704	  -0.03445
   0.30648	  -0.03383
   0.31596	  -0.03320
   0.32541	  -0.03253
   0.33481	  -0.03180
   0.34418	  -0.03101
   0.35359	  -0.03015
   0.36308	  -0.02926
   0.37263	  -0.02834
   0.38220	  -0.02741
   0.39175	  -0.02645
   0.40128	  -0.02544
   0.41081	  -0.02438
   0.42040	  -0.02331
   0.43004	  -0.02222
   0.43971	  -0.02114
   0.44938	  -0.02004
   0.45904	  -0.01895
   0.46868	  -0.01782
   0.47832	  -0.01667
   0.48799	  -0.01552
   0.49766	  -0.01437
   0.50734	  -0.01324
   0.51703	  -0.01212
   0.52673	  -0.01099
   0.53642	  -0.00985
   0.54611	  -0.00871
   0.55576	  -0.00759
   0.56537	  -0.00650
   0.57497	  -0.00545
   0.58458	  -0.00441
   0.59419	  -0.00339
   0.60380	  -0.00238
   0.61337	  -0.00139
   0.62289	  -0.00046
   0.63237	   0.00043
   0.64186	   0.00128
   0.65138	   0.00210
   0.66092	   0.00289
   0.67047	   0.00366
   0.67999	   0.00440
   0.68949	   0.00509
   0.69898	   0.00573
   0.70849	   0.00635
   0.71801	   0.00693
   0.72754	   0.00750
   0.73703	   0.00801
   0.74650	   0.00848
   0.75594	   0.00891
   0.76537	   0.00929
   0.77481	   0.00963
   0.78424	   0.00993
   0.79365	   0.01018
   0.80301	   0.01038
   0.81236	   0.01050
   0.82171	   0.01058
   0.83106	   0.01061
   0.84041	   0.01058
   0.84976	   0.01049
   0.85910	   0.01035
   0.86843	   0.01015
   0.87775	   0.00989
   0.88706	   0.00959
   0.89635	   0.00921
   0.90561	   0.00879
   0.91484	   0.00830
   0.92401	   0.00775
   0.93310	   0.00714
   0.94210	   0.00647
   0.95096	   0.00576
   0.95954	   0.00497
   0.96775	   0.00413
   0.97565	   0.00322
   0.98314	   0.00233
   0.99000	   0.00148
   0.99620	   0.00059
   1.00000	   0.00000

http://groups.yahoo.com/group/xfoil/files/